%YAML:1.0
---
num_cameras: 2
frame_width: 640
frame_height: 480
fps: 15
c0_matrix: !!opencv-matrix
   rows: 3
   cols: 3
   dt: d
   data: [ 6.8213657346343041e+02, 0., 3.2726243682059896e+02, 0.,
       6.8519556010393933e+02, 2.6015028012303338e+02, 0., 0., 1. ]
c0_dist_coeffs: !!opencv-matrix
   rows: 1
   cols: 5
   dt: d
   data: [ -3.8882793533655632e-02, 4.8506206365103449e-01,
       -1.3414142231559566e-03, 2.1124223285765307e-03,
       -1.2916029101703754e+00 ]
c1_matrix: !!opencv-matrix
   rows: 3
   cols: 3
   dt: d
   data: [ 1.0237842333447122e+03, 0., 2.9489092687315247e+02, 0.,
       1.0317710615040126e+03, 3.0514788640390105e+02, 0., 0., 1. ]
c1_dist_coeffs: !!opencv-matrix
   rows: 1
   cols: 5
   dt: d
   data: [ 1.3351278769665628e-01, 6.3484108045885312e-01,
       6.7424614769783916e-03, -2.8176934656507493e-03,
       -5.1176807245941713e+00 ]
R: !!opencv-matrix
   rows: 3
   cols: 3
   dt: d
   data: [ 9.9918961797626460e-01, 1.6984779724332797e-02,
       -3.6491431681455196e-02, -1.4700825870191756e-02,
       9.9796972551874286e-01, 6.1970256307194507e-02,
       3.7469895211765934e-02, -6.1383582542573825e-02,
       9.9741067908212133e-01 ]
T: !!opencv-matrix
   rows: 3
   cols: 1
   dt: d
   data: [ 4.4572492185237360e+00, -2.4089888553612754e-01,
       7.6960989871386620e-01 ]
